; Weather Goobers Designated Market Areas
; (C) 2025 Weather Goobers

RefreshSeconds: 2
Threshold: 999
Title: Weather Goobers Designated Market Areas

Font: 1, 16, 1, "Courier New"

; =================================================================

Threshold: 999
Color: 65 182 196 255
Line: 6, 0, "Tulsa DMA"
35.301395,-95.300949
35.302090,-95.316673
35.297398,-95.336449
35.293098,-95.344650
35.552242,-95.345032
35.551804,-95.712959
35.551693,-95.822365
35.463970,-95.823395
35.463627,-95.875572
35.376690,-95.875626
35.376877,-96.087532
35.552120,-96.087791
35.551903,-96.192841
35.639088,-96.192566
35.639004,-96.620651
35.941521,-96.621094
36.159927,-96.621445
36.158886,-96.819008
36.246479,-96.818962
36.246475,-96.925064
36.333344,-96.924934
36.333355,-97.032104
36.506958,-97.032120
36.506935,-97.009789
36.515587,-97.008804
36.521824,-97.005020
36.528980,-96.996193
36.532372,-96.988152
36.53345,-96.98113
36.53380,-96.97710
36.53414,-96.97250
36.53401,-96.96735
36.53437,-96.96333
36.53557,-96.95697
36.53682,-96.95291
36.53852,-96.94826
36.53978,-96.94420
36.54590,-96.93536
36.54899,-96.93179
36.55068,-96.92713
36.55149,-96.92309
36.55320,-96.91901
36.55533,-96.91377
36.55567,-96.90917
36.55646,-96.90455
36.55771,-96.90048
36.55983,-96.89467
36.56107,-96.89003
36.56417,-96.88703
36.56777,-96.88574
36.57138,-96.88502
36.57772,-96.88475
36.58091,-96.88520
36.58551,-96.88730
36.58789,-96.89179
36.59026,-96.89570
36.59354,-96.89958
36.59727,-96.90345
36.60096,-96.90616
36.60421,-96.90889
36.60522,-96.91287
36.60543,-96.92089
36.60418,-96.92552
36.60293,-96.92959
36.60212,-96.93363
36.60041,-96.93772
36.59659,-96.94820
36.59579,-96.95224
36.59636,-96.95681
36.59330,-96.96152
36.58900,-96.97087
36.58732,-96.97609
36.58651,-96.98014
36.58619,-96.98532
36.58538,-96.98936
36.58503,-96.99339
36.58425,-96.99858
36.58390,-97.00260
36.58401,-97.00719
36.58505,-97.01230
36.58605,-97.01628
36.58662,-97.02084
36.58763,-97.02481
36.58956,-97.02932
36.59011,-97.03332
36.59157,-97.03727
36.59439,-97.04118
36.59449,-97.04518
36.59688,-97.05025
36.60470,-97.05453
36.61189,-97.05196
36.62002,-97.05049
36.62641,-97.05196
36.63146,-97.05463
36.64063,-97.05829
36.65536,-97.06689
36.65946,-97.06788
36.66628,-97.06819
36.67351,-97.06733
36.68033,-97.06764
36.68935,-97.06556
36.69649,-97.06069
36.70182,-97.05589
36.70663,-97.04881
36.70832,-97.04357
36.70812,-97.03554
36.70520,-97.02762
36.69960,-97.02095
36.69612,-97.00903
36.69511,-96.98668
36.69231,-96.96555
36.69229,-96.94660
36.69527,-96.93902
36.73759,-96.90856
36.74868,-96.89891
36.75393,-96.89123
36.75689,-96.88306
36.75721,-96.87788
36.75741,-96.86810
36.75560,-96.85093
36.75441,-96.84007
36.75598,-96.83081
36.75761,-96.82384
36.758987,-96.818069
36.763660,-96.818825
36.767559,-96.822586
36.767597,-96.788689
36.781990,-96.788658
36.782089,-96.752388
36.941261,-96.752151
36.941322,-96.750046
36.998989,-96.749840
36.998859,-96.000809
36.999310,-95.786758
36.941940,-95.786659
36.941929,-95.809822
36.597477,-95.809616
36.597630,-95.328369
36.510239,-95.328171
36.510159,-95.435608
36.075199,-95.439972
36.074543,-95.118378
36.161629,-95.118500
36.161388,-94.797279
35.900917,-94.797203
35.900925,-94.807335
35.638603,-94.807297
35.638893,-95.127464
35.551796,-95.127541
35.551807,-95.132561
35.526196,-95.132439
35.521297,-95.127541
35.505695,-95.120834
35.493095,-95.107635
35.485695,-95.096138
35.479684,-95.092438
35.462498,-95.086838
35.459095,-95.080833
35.458797,-95.077232
35.464794,-95.065536
35.465096,-95.061440
35.458893,-95.049934
35.452568,-95.063469
35.447098,-95.070518
35.432995,-95.079933
35.416496,-95.082031
35.407196,-95.085236
35.404396,-95.087837
35.396896,-95.102638
35.378609,-95.114906
35.372211,-95.121239
35.372326,-95.123276
35.378796,-95.129936
35.380398,-95.135437
35.377895,-95.144341
35.370132,-95.159813
35.367916,-95.161766
35.365223,-95.159615
35.362831,-95.155777
35.361164,-95.147461
35.358315,-95.142799
35.355564,-95.141296
35.348625,-95.144226
35.345955,-95.148026
35.345871,-95.150497
35.350937,-95.157829
35.353065,-95.165657
35.352726,-95.170380
35.348572,-95.177216
35.341877,-95.181847
35.336857,-95.182549
35.315426,-95.171181
35.305553,-95.171761
35.301346,-95.176476
35.301266,-95.180305
35.305332,-95.191162
35.303593,-95.199188
35.299152,-95.202866
35.289417,-95.205383
35.283821,-95.209412
35.271721,-95.222603
35.265926,-95.231339
35.261635,-95.243813
35.265766,-95.256981
35.268993,-95.262154
35.282940,-95.273689
35.293396,-95.285744
35.301395,-95.300949
End:

Threshold: 999
Color: 67 147 195 255
Line: 6, 0, "Wichita DMA"
37.475544,-97.153328
37.476406,-96.525688
38.086365,-96.522789
38.085621,-96.840775
38.087704,-97.152916
38.174633,-97.153091
38.173672,-97.371758
38.173913,-97.701843
37.912453,-97.701965
37.825157,-97.702103
37.825157,-97.699677
37.735058,-97.698692
37.733856,-97.807823
37.474182,-97.807602
37.386292,-97.807060
37.386299,-97.804565
36.998714,-97.802315
36.999111,-97.147720
37.390743,-97.150787
37.390717,-97.149513
37.475544,-97.153328
End:

Threshold: 999
Color: 255 255 125 255
Line: 6, 0, "Joplin DMA"
37.349293,-94.082085
37.290852,-94.083832
37.290077,-94.052315
37.048126,-94.059212
36.830227,-94.066376
36.830189,-94.065010
36.747818,-94.068901
36.766560,-94.618309
36.667923,-94.618027
36.667763,-94.779243
36.670612,-94.782478
36.670631,-94.999405
36.943237,-94.999153
36.943226,-94.995544
36.949940,-94.993385
36.951801,-94.996361
36.952629,-95.004654
36.960800,-95.022232
36.966503,-95.028061
36.972431,-95.030708
36.972664,-95.034798
36.974899,-95.037735
36.977371,-95.035629
36.975307,-95.031670
36.976093,-95.028595
36.977787,-95.027931
36.984653,-95.034111
36.994259,-95.034004
36.994999,-95.014946
36.999516,-95.007622
36.999508,-95.073502
37.383823,-95.074974
37.383839,-95.088188
37.674519,-95.088013
37.673107,-94.617737
37.364166,-94.617538
37.349293,-94.082085
End:

Threshold: 999
Color: 0 128 128 255
Line: 6, 0, "Northwest Arkansas DMA"
34.961720,-94.359695
34.948990,-94.350594
34.947369,-94.342972
34.948563,-94.335754
34.954399,-94.330238
34.955978,-94.324036
34.953140,-94.310486
34.952866,-94.294853
34.956848,-94.278641
34.957363,-94.266151
34.959751,-94.261719
34.959747,-94.256165
34.963894,-94.250214
34.968529,-94.230522
35.057465,-94.228233
35.058170,-94.250854
35.065460,-94.250557
35.071957,-94.228226
35.071884,-94.223099
35.079117,-94.222870
35.078529,-94.195534
35.085869,-94.195297
35.085636,-94.181686
35.089203,-94.181625
35.089199,-94.177177
35.092644,-94.177177
35.092476,-94.158920
35.099846,-94.158646
35.099678,-94.140572
35.143360,-94.139305
35.140858,-94.031235
35.213825,-94.028549
35.231152,-94.028297
35.229427,-93.920166
35.319046,-93.917130
35.313095,-93.810089
35.430012,-93.806847
35.402859,-93.794563
35.390808,-93.781944
35.379925,-93.765228
35.377117,-93.757767
35.372406,-93.757889
35.367290,-93.755173
35.364517,-93.748032
35.369419,-93.733917
35.370197,-93.716904
35.373650,-93.714378
35.375240,-93.710075
35.768650,-93.695984
35.763519,-93.519203
35.734421,-93.519577
35.730236,-93.374039
35.728832,-93.164452
35.724663,-92.951317
35.813015,-92.949623
35.813038,-92.946594
36.071728,-92.938507
36.071896,-92.945541
36.115124,-92.944664
36.114132,-92.890694
36.490887,-92.884956
36.487057,-92.880386
36.475670,-92.873665
36.472908,-92.861176
36.464619,-92.854691
36.497982,-92.854057
36.498344,-93.293465
36.498409,-93.315323
36.498898,-93.584282
36.498787,-93.866760
36.499413,-94.617920
36.102234,-94.552185
35.759167,-94.492935
35.638557,-94.472656
35.638603,-94.807297
35.638893,-95.127464
35.551796,-95.127541
35.551807,-95.132561
35.526196,-95.132439
35.521297,-95.127541
35.505695,-95.120834
35.493095,-95.107635
35.485695,-95.096138
35.479684,-95.092438
35.462498,-95.086838
35.459095,-95.080833
35.458797,-95.077232
35.464794,-95.065536
35.465096,-95.061440
35.458893,-95.049934
35.456993,-95.043434
35.456295,-95.032036
35.453094,-95.024933
35.448494,-95.023331
35.430294,-95.023735
35.424995,-95.019936
35.413471,-95.004349
35.408379,-94.986832
35.406715,-94.965958
35.408333,-94.951324
35.396595,-94.938515
35.392845,-94.925743
35.393764,-94.917046
35.398380,-94.908157
35.397942,-94.901833
35.388100,-94.893929
35.379677,-94.892303
35.373089,-94.894737
35.360348,-94.913231
35.354141,-94.919266
35.350414,-94.918709
35.347527,-94.914452
35.346710,-94.901978
35.356598,-94.865891
35.360020,-94.859512
35.368572,-94.849678
35.371086,-94.842140
35.365547,-94.831230
35.361916,-94.829178
35.346798,-94.829010
35.333401,-94.825912
35.325890,-94.820679
35.323345,-94.813629
35.202332,-94.814285
35.202610,-94.927933
35.058277,-94.927864
34.942211,-94.927666
34.942158,-94.998123
34.855080,-94.997810
34.855019,-95.059509
34.680737,-95.059616
34.680878,-94.937759
34.506832,-94.937607
34.507458,-94.461151
34.728962,-94.454575
34.933941,-94.447891
34.931389,-94.429543
34.935963,-94.422333
34.943726,-94.416794
34.949696,-94.409416
34.947487,-94.399429
34.943607,-94.392014
34.948570,-94.376503
34.955601,-94.373016
34.962311,-94.367210
34.961720,-94.359695
End:

Threshold: 999
Color: 185 30 30 255
Line: 6, 0, "Springfield/Branson DMA"
36.498409,-93.315323
36.498898,-93.584282
36.498344,-93.293465
36.497982,-92.854057
36.497772,-92.772339
36.806095,-92.764870
36.809177,-92.909332
37.070652,-92.903275
37.068451,-92.836769
37.067051,-92.685867
37.263149,-92.678970
37.263515,-92.692307
37.481544,-92.686668
37.483971,-92.853477
37.721039,-92.846283
37.721237,-92.859917
37.895737,-92.855385
37.902626,-93.072449
37.904144,-93.182709
37.802738,-93.187912
37.813335,-93.574104
37.828033,-93.573204
37.829433,-93.628403
37.742302,-93.632439
37.741756,-93.609489
37.572689,-93.616035
37.427422,-93.621155
37.282009,-93.625847
37.281483,-93.605095
36.820560,-93.612930
36.820030,-93.573799
36.498898,-93.584282
End:

Threshold: 999
Color: 202 85 2 255
Line: 6, 0, "Oklahoma City DMA"
35.958935,-97.140488
35.941990,-97.140579
35.941521,-96.621094
35.639004,-96.620651
35.462708,-96.624863
35.463978,-97.141487
35.376862,-97.142113
34.928177,-97.142342
34.924400,-97.135803
34.924694,-97.133690
34.926167,-97.132431
34.932594,-97.134933
34.934643,-97.132866
34.935101,-97.113998
34.929535,-97.099731
34.930920,-97.096825
34.931358,-97.085541
34.928921,-97.079720
34.919861,-97.071793
34.921253,-97.052475
34.915207,-97.043221
34.912891,-97.035805
34.912331,-97.025948
34.907349,-97.015930
34.914276,-97.000519
34.915829,-96.993629
34.920338,-96.987808
34.921474,-96.983307
34.925629,-96.977928
34.930145,-96.975060
34.932076,-96.976234
34.934269,-96.974945
34.935413,-96.972702
34.934669,-96.967346
34.938148,-96.964973
34.939056,-96.965820
34.945869,-96.958916
34.950977,-96.957039
34.958542,-96.946457
34.964363,-96.930588
34.854633,-96.930870
34.854454,-96.932472
34.855164,-97.668098
34.681343,-97.668427
34.681118,-98.089096
34.854931,-98.089561
34.854919,-98.092644
35.086891,-98.092941
35.088638,-98.092804
35.088684,-98.091095
35.203732,-98.091339
35.203720,-98.094978
35.377754,-98.096016
35.377239,-98.306328
35.540817,-98.306709
35.541393,-98.308220
35.551311,-98.308296
35.551521,-98.313248
35.725204,-98.313370
35.725140,-98.207108
35.725971,-97.674026
36.164661,-97.675613
36.164879,-98.103905
36.463104,-98.104424
36.593578,-98.104286
36.593628,-97.462456
36.593636,-97.461601
36.164463,-97.460793
36.164303,-97.353943
36.159073,-97.354134
35.984936,-97.353867
End:

Threshold: 999
Color: 35 139 69 255
Line: 6, 0, "Lawton DMA"
34.141804,-98.138977
34.289776,-98.139229
34.507004,-98.139236
34.506992,-98.142151
34.681156,-98.141800
34.681118,-98.089096
34.854931,-98.089561
34.854919,-98.092644
34.854954,-98.619820
34.855465,-98.826126
34.594414,-98.826012
34.507370,-98.826073
34.507462,-98.661980
34.405949,-98.661957
34.333431,-98.662003
34.333721,-98.609657
34.157097,-98.610161
End:

Threshold: 999
Color: 102 194 164 255
Line: 6, 0, "Jonesboro/Memphis DMA"
35.436485,-90.140182
35.438572,-90.286896
35.699913,-90.286736
35.996418,-90.288948
35.995682,-90.377892
35.988453,-90.386032
35.979168,-90.385109
35.976917,-90.387169
35.964706,-90.387375
35.966911,-90.818970
35.968090,-90.852066
35.965675,-90.850349
35.962990,-90.852150
35.962158,-90.855186
35.959312,-90.854256
35.960075,-90.857712
35.957886,-90.857887
35.955605,-90.861542
35.954002,-90.861526
35.954300,-90.858696
35.949631,-90.857933
35.948742,-90.860641
35.949734,-90.863144
35.947269,-90.864761
35.945515,-90.864342
35.944901,-90.860374
35.942322,-90.860382
35.940907,-90.865845
35.938786,-90.862709
35.930447,-90.862968
35.929386,-90.859192
35.924091,-90.861412
35.924400,-90.872177
35.880871,-90.872787
35.885071,-91.032501
35.708420,-91.036964
35.444717,-91.039230
35.442947,-91.036385
35.441830,-90.931252
35.445751,-90.823822
35.445770,-90.716133
35.449711,-90.716118
35.448769,-90.610756
35.441662,-90.610909
35.441727,-90.502426
35.178715,-90.506477
35.178772,-90.502167
35.144215,-90.502991
35.148232,-90.400436
35.002480,-90.402534
35.002495,-90.407883
34.904121,-90.408539
34.833000,-90.407990
End:

Threshold: 999
Color: 140 150 198 255
Line: 6, 0, "Little Rock DMA"
35.275364,-92.485161
35.368393,-92.481468
35.363716,-92.252762
35.362724,-92.111465
35.066494,-92.119720
35.012211,-92.121338
35.011803,-92.070808
34.732830,-92.078133
34.720242,-92.084480
34.710907,-92.093376
34.704819,-92.092865
34.700665,-92.095894
34.687126,-92.096298
34.668461,-92.100708
34.659389,-92.098724
34.622952,-92.113106
34.621403,-92.029541
34.489353,-92.029999
34.482670,-91.705185
34.233917,-91.711792
34.230488,-91.607460
End:

Threshold: 999
Color: 251 128 114 255
Line: 6, 0, "Jefferson City DMA"
38.336617,-92.302628
38.341343,-92.408409
38.425331,-92.403481
38.427830,-92.495186
38.430779,-92.625191
38.596790,-92.841873
38.683975,-92.839836
38.685768,-92.950516
38.693077,-93.059975
38.972599,-93.048248
39.064560,-92.934578
39.068531,-92.930489
39.076065,-92.914551
39.084206,-92.907364
39.088646,-92.906700
39.095547,-92.908974
39.097027,-92.911842
39.097935,-92.927536
39.103531,-92.942787
39.107090,-92.945229
39.121738,-92.943848
39.125896,-92.941650
39.130917,-92.922333
39.138180,-92.911697
39.148827,-92.905960
39.166157,-92.904800
39.175907,-92.896744
39.182934,-92.885490
39.187008,-92.875183
39.200153,-92.861076
39.209084,-92.855186
39.226227,-92.849220
39.343586,-92.790367
39.321613,-92.707375
39.248806,-92.430290
39.239857,-92.104332
39.064213,-92.110397
39.059052,-91.633980
38.703396,-91.647179
38.703800,-91.640373
38.288521,-91.644737
38.288727,-91.757332
38.290100,-91.757423
38.292046,-91.775345
38.293610,-91.863159
38.289883,-91.884033
38.289715,-91.972679
38.288109,-92.012108
38.292206,-92.195679
38.335533,-92.194481
38.335735,-92.224678
38.332970,-92.226143
38.327728,-92.233032
38.322720,-92.250183
38.328339,-92.268494
38.336231,-92.281479
38.338829,-92.288795
38.339230,-92.297684
38.336617,-92.302628
End:

Threshold: 999
Color: 118 42 131 255
Line: 6, 0, "Kansas City DMA"
38.050819,-94.240646
38.060062,-94.614044
38.037128,-94.613998
38.037701,-95.077896
38.258713,-95.075470
38.258648,-95.065193
38.389950,-95.065834
38.390282,-95.508331
38.433937,-95.508293
38.434067,-95.950310
38.695374,-95.949661
38.695393,-95.945709
38.739113,-95.945930
38.739021,-96.352638
38.738983,-96.389755
38.825851,-96.390396
38.826187,-96.501396
38.869705,-96.501556
38.870052,-96.890236
38.870346,-96.926712
38.970196,-96.926277
38.973549,-96.928139
38.974430,-96.926414
38.978947,-96.926216
38.978561,-96.933479
38.977295,-96.935204
38.976177,-96.935051
38.976101,-96.931297
38.972866,-96.932838
38.972481,-96.936676
38.976768,-96.939377
38.970627,-96.947624
38.971836,-96.948799
38.974854,-96.946236
38.976437,-96.946922
38.976959,-96.949646
38.975697,-96.951347
38.971294,-96.950394
38.964951,-96.963501
39.132298,-96.963188
39.132339,-96.961380
39.220074,-96.961380
39.566368,-96.958900
39.566463,-96.806587
39.566322,-96.581779
39.566238,-96.238968
39.566116,-96.035973
39.565960,-95.789108
39.654088,-95.789093
39.653046,-95.564323
39.653088,-95.339737
40.000000,-95.339905
40.000000,-95.308304
End: